0.38 -3.31
0.69 -3.11
0.69 -2.83
0.69 -2.55
0.69 -2.27
0.69 -1.98
0.69 -1.71
0.69 -1.43
0.69 -1.16
0.69 -0.87
0.79 -0.6
1.03 -0.4
1.26 -0.2
1.55 -0.2
1.88 -0.2
2.18 -0.33
2.38 -0.55
2.52 -0.84
2.52 -1.13
2.52 -1.42
2.32 -1.67
2.08 -1.85
1.78 -1.85
1.48 -1.85
1.08 -1.69

3.44 -0.29
3.2 -0.67
3.17 -0.99
3.25 -1.34
3.57 -1.64
3.96 -1.81
4.8 -1.74
5.18 -1.56
5.33 -1.26
5.38 -0.96
5.35 -0.67
5.15 -0.43
4.91 -0.23
4.62 -0.23
4.42 -0.5
4.38 -0.79
4.38 -1.07
4.38 -1.35
4.38 -1.64
4.38 -1.92
4.38 -2.2
4.38 -2.47
4.38 -2.75
4.38 -3.03
4.38 -3.31