0.07 -0.1
0.38 -0.09
0.67 -0.09
0.38 -0.42
0.6 -0.64
0.86 -0.89
1.08 -1.15
1.95 -0.09
2.26 -0.09
2.59 -0.1
2.26 -0.42
2.06 -0.65
1.79 -0.89
1.57 -1.11
1.32 -1.38
1.08 -1.6
0.84 -1.84
0.6 -2.06
0.38 -2.31
0.07 -2.66
0.38 -2.65
0.7 -2.67
1.57 -1.6
1.79 -1.84
2.04 -2.06
2.26 -2.32
1.97 -2.66
2.28 -2.65
2.58 -2.67

3.6 -0.11
3.92 -0.11
4.22 -0.11
3.91 -0.44
3.92 -0.84
4.23 -1.09
4.52 -1.31
4.82 -1.48
5.14 -1.38
5.44 -1.11
5.74 -0.79
5.77 -0.44
5.46 -0.11
5.78 -0.11
6.09 -0.11
4.82 -1.85
4.82 -2.2
4.82 -2.5
4.48 -2.84
4.81 -2.84
5.14 -2.84






















